[general]
geometry = models/Cube.obj
ray_count = 100000
reflection_ratio = 1.0
absorption_ratio = 0.0
heatmap = "heatmap.vtk"
specular_ratio = 1.0
energy_loss = 0.1
specularfraction = 0.1
model = Sentman
alpha_e = 0.9
mass_density = 2.1684295e-10

[flow]
direction = 0,1,0
velocity = 7784.262
temperature = 884.73645

[species:N2]
density = 3397946200000000.0
mass = 4.65e-26

[species:O2]
density = 245052130000000.0
mass = 5.31e-26

[species:O]
density = 1692469600000000.0
mass = 2.66e-26

[species:HE]
density = 1235860600000.0
mass = 6.65e-27

[species:H]
density = 158858200000.0
mass = 1.67e-27

[species:AR]
density = 5592297000000.0
mass = 6.63e-26

[species:N]
density = 17811435000000.0
mass = 2.33e-26

[species:AO]
density = 0.008195027
mass = 2.66e-26

[species:NO]
density = 4015160800000.0
mass = 5e-26

